      610	2022-09-01 06:59:45	1	0	1	0
      608	2022-09-01 07:00:30	1	0	1	0
      626	2022-09-01 07:01:30	1	1	1	0
      624	2022-09-01 07:36:20	1	0	1	0
      600	2022-09-01 07:50:53	1	0	1	0
      648	2022-09-01 07:56:22	1	0	1	0
      615	2022-09-01 07:56:38	1	0	1	0
      605	2022-09-01 07:59:27	1	0	1	0
      601	2022-09-01 08:10:34	1	0	1	0
      605	2022-09-01 12:03:09	1	1	1	0
      600	2022-09-01 12:19:51	1	1	1	0
      605	2022-09-01 12:46:43	1	0	1	0
      600	2022-09-01 12:53:27	1	0	1	0
      601	2022-09-01 13:58:56	1	4	1	0
      648	2022-09-01 14:00:25	1	1	1	0
      628	2022-09-01 14:52:04	1	0	1	0
      621	2022-09-01 14:56:05	1	0	1	0
      648	2022-09-01 14:59:11	1	0	1	0
      610	2022-09-01 15:00:27	1	1	1	0
      608	2022-09-01 15:11:58	1	1	1	0
      648	2022-09-01 17:07:34	1	1	1	0
      615	2022-09-01 17:09:37	1	1	1	0
      601	2022-09-01 17:13:28	1	1	1	0
      624	2022-09-01 17:21:31	1	1	1	0
      616	2022-09-01 22:54:53	1	0	1	0
      621	2022-09-01 23:01:04	1	1	1	0
      628	2022-09-01 23:01:13	1	1	1	0
      610	2022-09-02 06:29:51	1	0	1	0
      648	2022-09-02 07:32:31	1	0	1	0
      600	2022-09-02 07:45:30	1	0	1	0
      615	2022-09-02 07:57:32	1	0	1	0
      605	2022-09-02 08:01:31	1	0	1	0
      601	2022-09-02 08:03:18	1	0	1	0
      604	2022-09-02 08:05:17	1	0	1	0
      600	2022-09-02 12:03:04	1	1	1	0
      605	2022-09-02 12:15:02	1	1	1	0
      600	2022-09-02 12:21:22	1	0	1	0
      604	2022-09-02 12:34:29	1	1	1	0
      604	2022-09-02 12:51:49	1	0	1	0
      605	2022-09-02 13:04:26	1	0	1	0
      601	2022-09-02 13:19:18	1	0	1	0
      601	2022-09-02 13:42:25	1	0	1	0
      621	2022-09-02 14:55:35	1	0	1	0
      608	2022-09-02 15:00:51	1	1	1	0
      610	2022-09-02 15:00:55	1	1	1	0
      600	2022-09-02 17:01:41	1	1	1	0
      601	2022-09-02 17:01:43	1	1	1	0
      605	2022-09-02 17:04:02	1	1	1	0
      648	2022-09-02 17:10:30	1	1	1	0
      615	2022-09-02 18:01:06	1	1	1	0
      616	2022-09-02 22:59:04	1	0	1	0
      621	2022-09-02 23:02:09	1	1	1	0
      610	2022-09-03 06:59:29	1	0	1	0
      608	2022-09-03 06:59:33	1	0	1	0
      626	2022-09-03 09:55:48	1	0	1	0
      628	2022-09-03 14:56:05	1	0	1	0
      610	2022-09-03 15:03:59	1	1	1	0
      608	2022-09-03 15:04:32	1	1	1	0
      616	2022-09-03 22:58:31	1	0	1	0
      628	2022-09-03 23:01:32	1	1	1	0
      628	2022-09-03 23:01:33	1	1	1	0
      626	2022-09-04 06:52:41	1	0	1	0
      629	2022-09-04 07:02:04	1	0	1	0
      616	2022-09-04 14:57:14	1	0	1	0
      626	2022-09-04 14:59:18	1	1	1	0
      629	2022-09-04 15:00:22	1	1	1	0
      647	2022-09-04 22:59:09	1	0	1	0
      627	2022-09-04 22:59:53	1	0	1	0
      616	2022-09-04 23:00:08	1	1	1	0
      626	2022-09-05 06:31:47	1	0	1	0
      647	2022-09-05 06:33:16	1	1	1	0
      627	2022-09-05 06:34:20	1	1	1	0
      610	2022-09-05 06:34:41	1	0	1	0
      600	2022-09-05 07:51:07	1	0	1	0
      604	2022-09-05 07:52:53	1	0	1	0
      624	2022-09-05 07:58:49	1	0	1	0
      615	2022-09-05 08:00:43	1	0	1	0
      605	2022-09-05 08:00:50	1	0	1	0
      648	2022-09-05 08:00:52	1	0	1	0
      630	2022-09-05 08:00:57	1	0	1	0
      609	2022-09-05 11:25:05	1	0	1	0
      600	2022-09-05 12:01:54	1	1	1	0
      600	2022-09-05 12:33:33	1	0	1	0
      604	2022-09-05 12:51:24	1	1	1	0
      604	2022-09-05 13:00:02	1	0	1	0
      605	2022-09-05 13:01:34	1	1	1	0
      630	2022-09-05 13:13:02	1	0	1	0
      601	2022-09-05 13:25:46	1	0	1	0
      605	2022-09-05 13:59:59	1	0	1	0
      630	2022-09-05 14:13:56	1	0	1	0
      648	2022-09-05 14:15:19	1	1	1	0
      601	2022-09-05 14:15:35	1	1	1	0
      616	2022-09-05 14:59:21	1	0	1	0
      648	2022-09-05 15:15:35	1	0	1	0
      604	2022-09-05 17:04:02	1	1	1	0
      605	2022-09-05 17:07:52	1	1	1	0
      615	2022-09-05 17:07:54	1	1	1	0
      624	2022-09-05 17:08:49	1	1	1	0
      601	2022-09-05 17:16:44	1	1	1	0
      630	2022-09-05 17:26:23	1	1	1	0
      648	2022-09-05 17:31:50	1	1	1	0
      627	2022-09-05 22:57:32	1	0	1	0
      616	2022-09-05 23:00:06	1	1	1	0
      647	2022-09-05 23:00:12	1	0	1	0
      626	2022-09-06 06:28:41	1	0	1	0
      610	2022-09-06 06:29:22	1	0	1	0
      629	2022-09-06 06:31:36	1	0	1	0
      647	2022-09-06 06:31:42	1	1	1	0
      627	2022-09-06 06:31:48	1	1	1	0
      600	2022-09-06 07:51:18	1	0	1	0
      615	2022-09-06 07:57:43	1	0	1	0
      605	2022-09-06 07:59:06	1	0	1	0
      624	2022-09-06 07:59:32	1	0	1	0
      601	2022-09-06 08:00:58	1	0	1	0
      630	2022-09-06 08:00:59	1	0	1	0
      604	2022-09-06 08:04:21	1	0	1	0
      600	2022-09-06 12:09:02	1	1	1	0
      600	2022-09-06 12:30:56	1	0	1	0
      601	2022-09-06 12:48:17	1	0	1	0
      605	2022-09-06 13:06:01	1	1	1	0
      630	2022-09-06 13:08:01	1	1	1	0
      604	2022-09-06 13:10:57	1	0	1	0
      604	2022-09-06 13:28:53	1	1	1	0
      601	2022-09-06 13:39:20	1	1	1	0
      605	2022-09-06 14:04:40	1	0	1	0
      630	2022-09-06 14:07:47	1	0	1	0
      616	2022-09-06 14:55:55	1	0	1	0
      626	2022-09-06 14:59:06	1	1	1	0
      629	2022-09-06 15:00:02	1	1	1	0
      605	2022-09-06 17:02:11	1	1	1	0
      604	2022-09-06 17:02:13	1	1	1	0
      624	2022-09-06 17:02:25	1	1	1	0
      600	2022-09-06 17:03:05	1	1	1	0
      601	2022-09-06 17:03:12	1	1	1	0
      615	2022-09-06 17:17:54	1	1	1	0
      647	2022-09-06 22:55:29	1	0	1	0
      627	2022-09-06 23:00:43	1	0	1	0
      626	2022-09-07 06:28:50	1	0	1	0
      626	2022-09-07 06:28:51	1	0	1	0
      628	2022-09-07 06:29:21	1	0	1	0
      629	2022-09-07 06:29:47	1	0	1	0
      647	2022-09-07 06:30:15	1	1	1	0
      600	2022-09-07 07:47:17	1	0	1	0
      604	2022-09-07 07:51:56	1	0	1	0
      615	2022-09-07 07:56:19	1	0	1	0
      624	2022-09-07 07:57:57	1	0	1	0
      605	2022-09-07 07:59:16	1	0	1	0
      648	2022-09-07 08:00:19	1	0	1	0
      630	2022-09-07 08:01:28	1	0	1	0
      601	2022-09-07 08:02:35	1	0	1	0
      627	2022-09-07 11:55:41	1	0	1	0
      600	2022-09-07 12:30:33	1	1	1	0
      604	2022-09-07 12:37:26	1	1	1	0
      600	2022-09-07 12:45:01	1	0	1	0
      604	2022-09-07 12:51:43	1	1	1	0
      630	2022-09-07 13:02:16	1	1	1	0
      601	2022-09-07 13:02:18	1	1	1	0
      605	2022-09-07 13:07:51	1	1	1	0
      601	2022-09-07 13:58:29	1	1	1	0
      630	2022-09-07 14:00:54	1	1	1	0
      605	2022-09-07 14:05:15	1	0	1	0
      647	2022-09-07 14:51:35	1	0	1	0
      626	2022-09-07 14:59:53	1	1	1	0
      629	2022-09-07 15:00:05	1	1	1	0
      628	2022-09-07 15:00:06	1	1	1	0
      604	2022-09-07 17:00:06	1	1	1	0
      600	2022-09-07 17:00:19	1	1	1	0
      605	2022-09-07 17:01:07	1	1	1	0
      630	2022-09-07 17:06:44	1	1	1	0
      615	2022-09-07 17:09:27	1	1	1	0
      601	2022-09-07 17:15:12	1	1	1	0
      624	2022-09-07 17:18:42	1	1	1	0
      648	2022-09-07 17:25:46	1	1	1	0
      627	2022-09-07 20:00:33	1	1	1	0
      608	2022-09-07 22:54:28	1	0	1	0
      621	2022-09-07 22:54:33	1	0	1	0
      626	2022-09-08 06:22:56	1	0	1	0
      628	2022-09-08 06:28:51	1	0	1	0
      629	2022-09-08 06:28:53	1	0	1	0
      621	2022-09-08 06:30:02	1	1	1	0
      600	2022-09-08 07:42:45	1	0	1	0
      648	2022-09-08 07:49:58	1	0	1	0
      624	2022-09-08 07:54:34	1	0	1	0
      615	2022-09-08 07:54:37	1	0	1	0
      630	2022-09-08 07:56:43	1	0	1	0
      601	2022-09-08 07:58:50	1	0	1	0
      605	2022-09-08 07:59:30	1	0	1	0
      604	2022-09-08 08:01:24	1	0	1	0
      608	2022-09-08 08:58:25	1	1	1	0
      627	2022-09-08 11:52:50	1	0	1	0
      627	2022-09-08 11:53:20	1	0	1	0
      600	2022-09-08 12:01:11	1	1	1	0
      600	2022-09-08 12:34:08	1	0	1	0
      604	2022-09-08 12:46:15	1	0	1	0
      604	2022-09-08 12:57:59	1	1	1	0
      601	2022-09-08 13:03:06	1	1	1	0
      630	2022-09-08 13:03:13	1	1	1	0
      605	2022-09-08 13:15:36	1	1	1	0
      601	2022-09-08 13:54:38	1	1	1	0
      630	2022-09-08 14:00:46	1	1	1	0
      605	2022-09-08 14:14:07	1	0	1	0
      648	2022-09-08 14:53:11	1	1	1	0
      647	2022-09-08 14:54:47	1	0	1	0
      626	2022-09-08 14:57:04	1	1	1	0
      629	2022-09-08 15:00:01	1	1	1	0
      628	2022-09-08 15:00:03	1	1	1	0
      648	2022-09-08 15:45:53	1	0	1	0
      600	2022-09-08 17:01:00	1	1	1	0
      604	2022-09-08 17:01:05	1	1	1	0
      605	2022-09-08 17:02:47	1	1	1	0
      648	2022-09-08 17:03:13	1	1	1	0
      615	2022-09-08 17:04:13	1	1	1	0
      601	2022-09-08 17:04:57	1	1	1	0
      630	2022-09-08 17:06:55	1	1	1	0
      624	2022-09-08 17:42:23	1	1	1	0
      627	2022-09-08 19:55:24	1	1	1	0
      608	2022-09-08 22:53:50	1	0	1	0
      621	2022-09-08 22:53:55	1	0	1	0
      647	2022-09-08 22:54:32	1	1	1	0
      626	2022-09-09 06:20:17	1	0	1	0
      628	2022-09-09 06:28:04	1	0	1	0
      621	2022-09-09 06:30:01	1	1	1	0
      629	2022-09-09 06:30:25	1	0	1	0
      600	2022-09-09 07:47:00	1	0	1	0
      624	2022-09-09 07:53:06	1	0	1	0
      615	2022-09-09 07:53:16	1	0	1	0
      648	2022-09-09 07:56:48	1	0	1	0
      604	2022-09-09 07:59:23	1	0	1	0
      630	2022-09-09 07:59:40	1	0	1	0
      601	2022-09-09 08:00:14	1	0	1	0
      605	2022-09-09 08:01:24	1	0	1	0
      600	2022-09-09 12:01:52	1	1	1	0
      600	2022-09-09 12:25:00	1	0	1	0
      601	2022-09-09 12:54:34	1	0	1	0
      605	2022-09-09 13:05:47	1	1	1	0
      630	2022-09-09 13:20:10	1	1	1	0
      601	2022-09-09 13:49:23	1	1	1	0
      605	2022-09-09 13:58:07	1	0	1	0
      648	2022-09-09 14:06:56	1	1	1	0
      630	2022-09-09 14:20:50	1	1	1	0
      647	2022-09-09 14:52:49	1	0	1	0
      629	2022-09-09 14:55:33	1	1	1	0
      648	2022-09-09 15:03:01	1	0	1	0
      615	2022-09-09 17:01:07	1	1	1	0
      605	2022-09-09 17:01:44	1	1	1	0
      600	2022-09-09 17:03:06	1	1	1	0
      604	2022-09-09 17:03:13	1	1	1	0
      624	2022-09-09 17:03:19	1	1	1	0
      601	2022-09-09 17:05:02	1	1	1	0
      630	2022-09-09 17:08:02	1	1	1	0
      648	2022-09-09 17:09:38	1	1	1	0
      608	2022-09-09 22:49:44	1	0	1	0
      621	2022-09-09 22:49:53	1	0	1	0
      621	2022-09-10 07:14:33	1	1	1	0
      621	2022-09-10 14:55:44	1	0	1	0
      608	2022-09-10 14:55:53	1	0	1	0
      610	2022-09-10 22:48:07	1	0	1	0
      608	2022-09-10 22:49:10	1	1	1	0
      621	2022-09-10 22:50:01	1	1	1	0
      628	2022-09-11 06:58:01	1	0	1	0
      610	2022-09-11 07:00:31	1	1	1	0
      616	2022-09-11 22:53:54	1	0	1	0
      610	2022-09-11 22:59:07	1	0	1	0
      608	2022-09-11 23:00:09	1	1	1	0
      621	2022-09-11 23:00:26	1	1	1	0
      628	2022-09-12 06:26:57	1	0	1	0
      648	2022-09-12 07:39:39	1	0	1	0
      615	2022-09-12 07:54:07	1	0	1	0
      630	2022-09-12 07:55:12	1	0	1	0
      624	2022-09-12 07:56:03	1	0	1	0
      601	2022-09-12 07:56:32	1	0	1	0
      604	2022-09-12 07:57:11	1	0	1	0
      605	2022-09-12 08:01:38	1	0	1	0
      616	2022-09-12 09:05:10	1	1	1	0
      621	2022-09-12 11:45:19	1	0	1	0
      605	2022-09-12 13:02:29	1	1	1	0
      601	2022-09-12 13:47:28	1	1	1	0
      630	2022-09-12 13:54:05	1	1	1	0
      605	2022-09-12 14:01:30	1	0	1	0
      601	2022-09-12 14:01:48	1	0	1	0
      648	2022-09-12 14:18:47	1	0	1	0
      630	2022-09-12 14:52:51	1	0	1	0
      608	2022-09-12 14:56:48	1	0	1	0
      648	2022-09-12 15:19:58	1	0	1	0
      605	2022-09-12 17:01:05	1	1	1	0
      604	2022-09-12 17:01:35	1	1	1	0
      615	2022-09-12 17:04:01	1	1	1	0
      630	2022-09-12 17:05:16	1	1	1	0
      601	2022-09-12 17:05:57	1	1	1	0
      624	2022-09-12 17:06:30	1	1	1	0
      648	2022-09-12 17:23:08	1	1	1	0
      625	2022-09-12 22:56:19	1	0	1	0
      610	2022-09-12 22:57:43	1	0	1	0
      616	2022-09-12 22:59:01	1	1	1	0
      608	2022-09-12 23:00:08	1	1	1	0
      627	2022-09-13 06:23:21	1	0	1	0
      600	2022-09-13 07:42:59	1	0	1	0
      648	2022-09-13 07:54:03	1	0	1	0
      615	2022-09-13 07:54:29	1	0	1	0
      624	2022-09-13 07:54:57	1	0	1	0
      630	2022-09-13 07:56:28	1	0	1	0
      601	2022-09-13 07:57:14	1	0	1	0
      604	2022-09-13 07:58:31	1	0	1	0
      605	2022-09-13 07:59:55	1	0	1	0
      600	2022-09-13 12:27:26	1	1	1	0
      600	2022-09-13 12:58:47	1	0	1	0
      601	2022-09-13 13:01:26	1	0	1	0
      605	2022-09-13 13:11:07	1	1	1	0
      630	2022-09-13 13:21:29	1	1	1	0
      604	2022-09-13 13:25:04	1	1	1	0
      604	2022-09-13 13:46:14	1	0	1	0
      601	2022-09-13 13:58:09	1	0	1	0
      648	2022-09-13 14:00:18	1	1	1	0
      605	2022-09-13 14:03:59	1	0	1	0
      630	2022-09-13 14:20:16	1	0	1	0
      616	2022-09-13 14:54:08	1	0	1	0
      648	2022-09-13 15:00:30	1	0	1	0
      604	2022-09-13 17:00:09	1	1	1	0
      600	2022-09-13 17:02:05	1	1	1	0
      615	2022-09-13 17:02:17	1	1	1	0
      648	2022-09-13 17:09:58	1	1	1	0
      601	2022-09-13 17:13:18	1	1	1	0
      605	2022-09-13 17:16:02	1	1	1	0
      630	2022-09-13 17:16:08	1	1	1	0
      624	2022-09-13 17:44:56	1	1	1	0
      610	2022-09-13 20:01:43	1	1	1	0
      629	2022-09-13 22:52:59	1	0	1	0
      647	2022-09-13 22:53:04	1	0	1	0
      626	2022-09-14 06:20:11	1	0	1	0
      627	2022-09-14 06:27:07	1	0	1	0
      647	2022-09-14 06:28:43	1	1	1	0
      629	2022-09-14 06:28:55	1	1	1	0
      600	2022-09-14 07:45:57	1	0	1	0
      630	2022-09-14 07:48:36	1	0	1	0
      615	2022-09-14 07:53:28	1	0	1	0
      604	2022-09-14 07:55:33	1	0	1	0
      624	2022-09-14 07:55:39	1	0	1	0
      648	2022-09-14 07:57:21	1	0	1	0
      605	2022-09-14 07:57:46	1	0	1	0
      601	2022-09-14 07:57:49	1	0	1	0
      610	2022-09-14 11:59:07	1	0	1	0
      600	2022-09-14 12:03:26	1	1	1	0
      600	2022-09-14 12:23:34	1	0	1	0
      604	2022-09-14 12:36:38	1	1	1	0
      604	2022-09-14 12:53:26	1	0	1	0
      601	2022-09-14 12:58:07	1	0	1	0
      630	2022-09-14 12:58:30	1	1	1	0
      605	2022-09-14 13:00:11	1	1	1	0
      601	2022-09-14 13:52:18	1	1	1	0
      630	2022-09-14 13:52:53	1	0	1	0
      605	2022-09-14 14:00:53	1	0	1	0
      648	2022-09-14 14:03:00	1	1	1	0
      648	2022-09-14 14:43:14	1	0	1	0
      616	2022-09-14 14:58:08	1	0	1	0
      626	2022-09-14 14:58:53	1	1	1	0
      627	2022-09-14 14:59:03	1	0	1	0
      627	2022-09-14 14:59:08	1	1	1	0
      604	2022-09-14 17:01:32	1	1	1	0
      630	2022-09-14 17:02:11	1	1	1	0
      600	2022-09-14 17:02:23	1	1	1	0
      624	2022-09-14 17:03:16	1	1	1	0
      605	2022-09-14 17:03:23	1	1	1	0
      601	2022-09-14 17:04:39	1	1	1	0
      648	2022-09-14 17:13:41	1	1	1	0
      615	2022-09-14 17:34:23	1	1	1	0
      647	2022-09-14 22:53:26	1	0	1	0
      616	2022-09-14 22:54:37	1	1	1	0
      626	2022-09-15 06:21:08	1	0	1	0
      627	2022-09-15 06:28:55	1	0	1	0
      629	2022-09-15 06:29:23	1	1	1	0
      647	2022-09-15 06:29:32	1	1	1	0
      600	2022-09-15 07:51:05	1	0	1	0
      648	2022-09-15 07:52:48	1	0	1	0
      630	2022-09-15 07:54:43	1	0	1	0
      615	2022-09-15 07:55:45	1	0	1	0
      624	2022-09-15 07:56:46	1	0	1	0
      601	2022-09-15 07:58:03	1	0	1	0
      604	2022-09-15 08:00:53	1	0	1	0
      605	2022-09-15 08:02:05	1	0	1	0
      610	2022-09-15 11:59:10	1	0	1	0
      604	2022-09-15 13:08:24	1	1	1	0
      605	2022-09-15 13:16:50	1	1	1	0
      630	2022-09-15 13:38:01	1	1	1	0
      604	2022-09-15 13:53:19	1	0	1	0
      605	2022-09-15 14:12:18	1	0	1	0
      616	2022-09-15 14:30:51	1	0	1	0
      630	2022-09-15 14:40:32	1	0	1	0
      626	2022-09-15 14:58:10	1	1	1	0
      605	2022-09-15 17:02:22	1	1	1	0
      600	2022-09-15 17:04:11	1	1	1	0
      604	2022-09-15 17:04:13	1	1	1	0
      630	2022-09-15 17:06:58	1	1	1	0
      624	2022-09-15 17:07:03	1	1	1	0
      615	2022-09-15 17:08:07	1	1	1	0
      601	2022-09-15 17:25:19	1	1	1	0
      648	2022-09-15 18:27:02	1	1	1	0
      627	2022-09-16 06:27:14	1	0	1	0
      621	2022-09-16 06:27:20	1	0	1	0
      647	2022-09-16 06:29:17	1	0	1	0
      600	2022-09-16 07:56:11	1	0	1	0
      624	2022-09-16 07:56:29	1	0	1	0
      615	2022-09-16 07:56:33	1	0	1	0
      648	2022-09-16 07:56:47	1	0	1	0
      630	2022-09-16 07:57:03	1	0	1	0
      601	2022-09-16 07:58:00	1	0	1	0
      605	2022-09-16 08:02:22	1	0	1	0
      626	2022-09-16 11:54:05	1	0	1	0
      648	2022-09-16 12:34:00	1	1	1	0
      600	2022-09-16 12:36:35	1	1	1	0
      600	2022-09-16 12:55:47	1	0	1	0
      605	2022-09-16 13:07:27	1	1	1	0
      630	2022-09-16 13:16:24	1	1	1	0
      648	2022-09-16 13:25:12	1	0	1	0
      605	2022-09-16 14:06:14	1	0	1	0
      630	2022-09-16 14:18:13	1	0	1	0
      629	2022-09-16 14:54:52	1	0	1	0
      600	2022-09-16 17:04:33	1	1	1	0
      615	2022-09-16 17:05:34	1	1	1	0
      605	2022-09-16 17:05:43	1	1	1	0
      630	2022-09-16 17:07:53	1	1	1	0
      648	2022-09-16 18:38:49	1	1	1	0
      621	2022-09-17 06:56:32	1	0	1	0
      627	2022-09-17 07:00:08	1	0	1	0
      626	2022-09-17 09:52:38	1	0	1	0
      647	2022-09-17 14:50:29	1	0	1	0
      621	2022-09-17 14:53:27	1	0	1	0
      627	2022-09-17 14:54:16	1	0	1	0
      627	2022-09-17 14:54:22	1	1	1	0
      621	2022-09-17 14:56:08	1	1	1	0
      629	2022-09-17 14:58:38	1	0	1	0
      626	2022-09-17 18:04:39	1	1	1	0
      608	2022-09-17 22:56:26	1	0	1	0
      647	2022-09-17 23:00:18	1	1	1	0
      629	2022-09-17 23:00:22	1	1	1	0
      626	2022-09-18 06:49:03	1	0	1	0
      627	2022-09-18 06:55:10	1	0	1	0
      621	2022-09-18 06:55:21	1	0	1	0
      608	2022-09-18 06:56:25	1	1	1	0
      647	2022-09-18 14:51:42	1	0	1	0
      626	2022-09-18 14:52:41	1	1	1	0
      626	2022-09-18 14:52:42	1	1	1	0
      627	2022-09-18 14:52:48	1	1	1	0
      629	2022-09-18 14:53:39	1	0	1	0
      608	2022-09-18 22:53:52	1	0	1	0
      628	2022-09-18 22:54:14	1	0	1	0
      647	2022-09-18 22:55:30	1	1	1	0
      629	2022-09-18 22:55:41	1	1	1	0
      621	2022-09-19 06:22:53	1	0	1	0
      616	2022-09-19 06:23:03	1	0	1	0
      626	2022-09-19 06:25:34	1	0	1	0
      600	2022-09-19 07:45:38	1	0	1	0
      630	2022-09-19 07:46:34	1	0	1	0
      615	2022-09-19 07:52:07	1	0	1	0
      624	2022-09-19 07:55:25	1	0	1	0
      648	2022-09-19 07:56:34	1	0	1	0
      601	2022-09-19 07:57:00	1	0	1	0
      605	2022-09-19 08:00:12	1	0	1	0
      604	2022-09-19 08:06:14	1	0	1	0
      601	2022-09-19 13:04:11	1	0	1	0
      630	2022-09-19 13:04:19	1	1	1	0
      648	2022-09-19 13:04:22	1	1	1	0
      605	2022-09-19 13:08:53	1	1	1	0
      648	2022-09-19 13:39:34	1	0	1	0
      601	2022-09-19 13:59:20	1	0	1	0
      630	2022-09-19 13:59:25	1	0	1	0
      605	2022-09-19 14:10:58	1	0	1	0
      628	2022-09-19 14:55:43	1	0	1	0
      616	2022-09-19 14:55:52	1	1	1	0
      626	2022-09-19 14:57:53	1	1	1	0
      621	2022-09-19 14:59:00	1	1	1	0
      604	2022-09-19 17:02:05	1	1	1	0
      600	2022-09-19 17:02:10	1	1	1	0
      601	2022-09-19 17:05:12	1	1	1	0
      630	2022-09-19 17:05:16	1	1	1	0
      615	2022-09-19 17:07:58	1	1	1	0
      605	2022-09-19 17:15:22	1	1	1	0
      624	2022-09-19 17:15:30	1	1	1	0
      648	2022-09-19 19:14:38	1	1	1	0
      608	2022-09-19 19:47:28	1	1	1	0
      610	2022-09-19 23:00:49	1	0	1	0
      616	2022-09-20 06:26:38	1	0	1	0
      621	2022-09-20 06:26:44	1	0	1	0
      630	2022-09-20 07:34:31	1	0	1	0
      600	2022-09-20 07:49:53	1	0	1	0
      615	2022-09-20 07:55:17	1	0	1	0
      648	2022-09-20 07:56:58	1	0	1	0
      601	2022-09-20 07:58:30	1	0	1	0
      605	2022-09-20 07:59:54	1	0	1	0
      604	2022-09-20 08:04:49	1	0	1	0
      610	2022-09-20 11:17:49	1	1	1	0
      600	2022-09-20 12:04:38	1	1	1	0
      604	2022-09-20 12:11:21	1	1	1	0
      600	2022-09-20 12:23:58	1	0	1	0
      604	2022-09-20 12:27:43	1	1	1	0
      601	2022-09-20 12:49:10	1	1	1	0
      626	2022-09-20 13:01:07	1	1	1	0
      605	2022-09-20 13:06:30	1	1	1	0
      630	2022-09-20 13:11:13	1	1	1	0
      601	2022-09-20 13:44:28	1	1	1	0
      648	2022-09-20 14:01:03	1	1	1	0
      605	2022-09-20 14:05:48	1	0	1	0
      630	2022-09-20 14:09:32	1	0	1	0
      628	2022-09-20 14:54:39	1	0	1	0
      616	2022-09-20 14:54:45	1	1	1	0
      648	2022-09-20 14:55:49	1	1	1	0
      621	2022-09-20 14:57:10	1	1	1	0
      604	2022-09-20 17:00:02	1	1	1	0
      600	2022-09-20 17:00:06	1	1	1	0
      630	2022-09-20 17:00:15	1	1	1	0
      648	2022-09-20 17:00:37	1	1	1	0
      615	2022-09-20 17:05:29	1	1	1	0
      601	2022-09-20 17:06:30	1	1	1	0
      605	2022-09-20 17:14:39	1	1	1	0
      624	2022-09-20 17:35:20	1	1	1	0
      608	2022-09-20 20:16:04	1	1	1	0
      610	2022-09-20 23:00:08	1	0	1	0
      616	2022-09-21 06:24:42	1	0	1	0
      615	2022-09-21 07:13:21	1	0	1	0
      630	2022-09-21 07:46:43	1	0	1	0
      600	2022-09-21 07:47:14	1	0	1	0
      624	2022-09-21 07:55:47	1	0	1	0
      648	2022-09-21 07:56:40	1	0	1	0
      601	2022-09-21 07:59:37	1	0	1	0
      605	2022-09-21 08:01:07	1	0	1	0
      604	2022-09-21 08:01:35	1	0	1	0
      608	2022-09-21 11:58:07	1	0	1	0
      600	2022-09-21 12:01:30	1	1	1	0
      600	2022-09-21 12:19:11	1	0	1	0
      630	2022-09-21 12:31:02	1	1	1	0
      601	2022-09-21 12:47:11	1	1	1	0
      630	2022-09-21 13:35:20	1	1	1	0
      604	2022-09-21 13:35:34	1	1	1	0
      601	2022-09-21 13:52:46	1	1	1	0
      648	2022-09-21 14:00:02	1	1	1	0
      604	2022-09-21 14:05:48	1	0	1	0
      628	2022-09-21 14:51:48	1	0	1	0
      616	2022-09-21 14:52:01	1	1	1	0
      648	2022-09-21 14:58:28	1	0	1	0
      604	2022-09-21 17:01:08	1	0	1	0
      600	2022-09-21 17:01:13	1	1	1	0
      605	2022-09-21 17:03:07	1	1	1	0
      624	2022-09-21 17:03:10	1	1	1	0
      601	2022-09-21 17:12:45	1	1	1	0
      630	2022-09-21 17:15:18	1	1	1	0
      648	2022-09-21 17:54:08	1	1	1	0
      610	2022-09-21 23:00:46	1	0	1	0
      628	2022-09-21 23:01:05	1	1	1	0
      616	2022-09-22 06:26:52	1	0	1	0
      647	2022-09-22 06:30:39	1	0	1	0
      600	2022-09-22 07:48:34	1	0	1	0
      615	2022-09-22 07:54:29	1	1	1	0
      630	2022-09-22 07:54:54	1	0	1	0
      605	2022-09-22 07:55:55	1	0	1	0
      624	2022-09-22 07:56:07	1	0	1	0
      615	2022-09-22 07:56:37	1	0	1	0
      601	2022-09-22 07:57:47	1	0	1	0
      604	2022-09-22 07:58:10	1	0	1	0
      648	2022-09-22 07:58:20	1	0	1	0
      604	2022-09-22 12:17:18	1	1	1	0
      604	2022-09-22 12:49:26	1	0	1	0
      600	2022-09-22 13:04:53	1	1	1	0
      605	2022-09-22 13:10:57	1	1	1	0
      630	2022-09-22 13:19:31	1	1	1	0
      600	2022-09-22 13:25:27	1	0	1	0
      648	2022-09-22 14:04:28	1	1	1	0
      605	2022-09-22 14:08:06	1	0	1	0
      630	2022-09-22 14:10:43	1	0	1	0
      610	2022-09-22 14:59:17	1	0	1	0
      648	2022-09-22 15:00:59	1	0	1	0
      647	2022-09-22 15:19:18	1	1	1	0
      630	2022-09-22 17:06:11	1	1	1	0
      600	2022-09-22 17:06:15	1	1	1	0
      605	2022-09-22 17:06:38	1	1	1	0
      648	2022-09-22 17:07:57	1	1	1	0
      601	2022-09-22 17:11:59	1	1	1	0
      604	2022-09-22 17:14:10	1	1	1	0
      624	2022-09-22 17:21:45	1	1	1	0
      615	2022-09-22 17:45:32	1	1	1	0
      627	2022-09-22 22:53:44	1	0	1	0
      610	2022-09-22 23:01:14	1	1	1	0
      647	2022-09-23 06:25:59	1	0	1	0
      616	2022-09-23 06:26:50	1	0	1	0
      600	2022-09-23 07:40:46	1	0	1	0
      615	2022-09-23 07:53:01	1	0	1	0
      624	2022-09-23 07:55:43	1	0	1	0
      648	2022-09-23 07:56:08	1	0	1	0
      630	2022-09-23 07:56:28	1	0	1	0
      601	2022-09-23 07:57:37	1	0	1	0
      605	2022-09-23 07:57:46	1	0	1	0
      604	2022-09-23 08:05:25	1	0	1	0
      600	2022-09-23 12:18:58	1	1	1	0
      604	2022-09-23 12:34:24	1	1	1	0
      601	2022-09-23 12:54:54	1	1	1	0
      630	2022-09-23 12:54:59	1	1	1	0
      605	2022-09-23 13:02:23	1	1	1	0
      604	2022-09-23 13:26:46	1	0	1	0
      630	2022-09-23 13:54:31	1	0	1	0
      601	2022-09-23 13:54:34	1	0	1	0
      605	2022-09-23 14:02:44	1	0	1	0
      648	2022-09-23 14:07:57	1	1	1	0
      610	2022-09-23 14:57:00	1	0	1	0
      647	2022-09-23 14:58:28	1	1	1	0
      616	2022-09-23 14:58:36	1	0	1	0
      648	2022-09-23 15:04:21	1	0	1	0
      604	2022-09-23 17:00:02	1	1	1	0
      600	2022-09-23 17:00:30	1	1	1	0
      601	2022-09-23 17:04:26	1	1	1	0
      630	2022-09-23 17:10:53	1	1	1	0
      605	2022-09-23 17:18:29	1	1	1	0
      648	2022-09-23 18:15:54	1	1	1	0
      615	2022-09-23 18:34:11	1	1	1	0
      624	2022-09-23 19:03:10	1	1	1	0
      629	2022-09-23 22:56:39	1	0	1	0
      627	2022-09-23 22:56:42	1	0	1	0
      610	2022-09-23 23:00:03	1	1	1	0
      647	2022-09-24 06:54:24	1	0	1	0
      616	2022-09-24 06:58:11	1	0	1	0
      647	2022-09-24 14:56:43	1	1	1	0
      610	2022-09-24 14:59:53	1	1	1	0
      610	2022-09-24 15:00:09	1	0	1	0
      647	2022-09-25 06:49:55	1	0	1	0
      610	2022-09-25 06:54:18	1	0	1	0
      615	2022-09-25 06:54:21	1	0	1	0
      609	2022-09-25 06:54:33	1	0	1	0
      608	2022-09-25 06:55:57	1	0	1	0
      624	2022-09-25 07:05:17	1	1	1	0
      627	2022-09-25 14:55:52	1	0	1	0
      629	2022-09-25 14:56:39	1	0	1	0
      647	2022-09-25 14:58:27	1	1	1	0
      628	2022-09-25 22:54:32	1	0	1	0
      627	2022-09-25 22:54:39	1	0	1	0
      629	2022-09-25 22:54:53	1	1	1	0
      647	2022-09-26 06:28:12	1	0	1	0
      608	2022-09-26 06:28:32	1	0	1	0
      615	2022-09-26 06:55:56	1	0	1	0
      629	2022-09-26 14:57:48	1	0	1	0
      615	2022-09-26 15:00:04	1	1	1	0
      647	2022-09-26 15:00:10	1	1	1	0
      628	2022-09-26 22:53:24	1	0	1	0
      647	2022-09-27 06:49:40	1	0	1	0
      608	2022-09-27 06:56:09	1	0	1	0
      648	2022-09-27 07:46:28	1	0	1	0
      624	2022-09-27 07:51:37	1	0	1	0
      605	2022-09-27 07:51:43	1	0	1	0
      630	2022-09-27 07:54:40	1	0	1	0
      604	2022-09-27 07:58:49	1	0	1	0
      601	2022-09-27 07:59:40	1	0	1	0
      600	2022-09-27 08:08:01	1	0	1	0
      604	2022-09-27 12:25:35	1	1	1	0
      604	2022-09-27 13:03:23	1	0	1	0
      630	2022-09-27 13:36:07	1	1	1	0
      630	2022-09-27 14:36:31	1	0	1	0
      627	2022-09-27 14:56:11	1	0	1	0
      629	2022-09-27 14:56:24	1	0	1	0
      608	2022-09-27 14:58:50	1	1	1	0
      604	2022-09-27 17:00:24	1	1	1	0
      600	2022-09-27 17:00:38	1	1	1	0
      601	2022-09-27 17:05:38	1	1	1	0
      630	2022-09-27 17:08:11	1	1	1	0
      648	2022-09-27 17:15:04	1	1	1	0
      605	2022-09-27 17:20:54	1	1	1	0
      624	2022-09-27 17:35:42	1	1	1	0
      628	2022-09-27 22:55:42	1	0	1	0
      629	2022-09-27 22:57:47	1	1	1	0
      627	2022-09-27 22:57:55	1	1	1	0
      608	2022-09-28 06:56:35	1	0	1	0
      610	2022-09-28 06:59:02	1	0	1	0
      630	2022-09-28 07:39:39	1	0	1	0
      600	2022-09-28 07:47:25	1	0	1	0
      615	2022-09-28 07:54:32	1	0	1	0
      605	2022-09-28 07:55:04	1	0	1	0
      624	2022-09-28 07:56:28	1	0	1	0
      648	2022-09-28 07:58:03	1	0	1	0
      601	2022-09-28 08:01:34	1	0	1	0
      604	2022-09-28 08:01:48	1	0	1	0
      600	2022-09-28 12:12:15	1	1	1	0
      604	2022-09-28 12:19:39	1	1	1	0
      600	2022-09-28 12:31:47	1	0	1	0
      604	2022-09-28 12:45:23	1	0	1	0
      605	2022-09-28 13:08:45	1	1	1	0
      630	2022-09-28 13:30:24	1	1	1	0
      648	2022-09-28 14:07:35	1	1	1	0
      630	2022-09-28 14:09:18	1	1	1	0
      605	2022-09-28 14:09:31	1	0	1	0
      628	2022-09-28 14:46:44	1	0	1	0
      608	2022-09-28 15:00:25	1	1	1	0
      608	2022-09-28 15:00:26	1	1	1	0
      610	2022-09-28 15:00:30	1	1	1	0
      648	2022-09-28 15:07:08	1	0	1	0
      604	2022-09-28 17:00:05	1	1	1	0
      600	2022-09-28 17:00:10	1	1	1	0
      605	2022-09-28 17:02:16	1	1	1	0
      601	2022-09-28 17:03:42	1	1	1	0
      615	2022-09-28 17:06:15	1	1	1	0
      630	2022-09-28 17:16:38	1	1	1	0
      648	2022-09-28 17:16:46	1	1	1	0
      616	2022-09-28 22:53:40	1	0	1	0
      616	2022-09-29 06:36:11	1	1	1	0
      608	2022-09-29 06:36:17	1	0	1	0
      600	2022-09-29 07:48:47	1	0	1	0
      615	2022-09-29 07:53:59	1	0	1	0
      605	2022-09-29 07:55:18	1	0	1	0
      630	2022-09-29 07:56:00	1	0	1	0
      648	2022-09-29 07:56:59	1	0	1	0
      601	2022-09-29 07:58:25	1	0	1	0
      604	2022-09-29 07:59:36	1	0	1	0
      600	2022-09-29 12:13:30	1	1	1	0
      600	2022-09-29 12:38:58	1	0	1	0
      604	2022-09-29 12:42:45	1	1	1	0
      604	2022-09-29 12:57:11	1	0	1	0
      630	2022-09-29 13:02:19	1	0	1	0
      601	2022-09-29 13:06:13	1	0	1	0
      605	2022-09-29 13:15:23	1	1	1	0
      601	2022-09-29 13:41:33	1	1	1	0
      630	2022-09-29 14:00:09	1	1	1	0
      648	2022-09-29 14:09:37	1	1	1	0
      605	2022-09-29 14:12:08	1	0	1	0
      628	2022-09-29 14:49:34	1	0	1	0
      648	2022-09-29 15:09:52	1	0	1	0
      604	2022-09-29 17:00:21	1	1	1	0
      600	2022-09-29 17:00:34	1	1	1	0
      601	2022-09-29 17:03:03	1	1	1	0
      605	2022-09-29 17:04:21	1	1	1	0
      630	2022-09-29 17:09:53	1	1	1	0
      615	2022-09-29 17:11:04	1	1	1	0
      648	2022-09-29 18:11:06	1	1	1	0
      616	2022-09-29 22:51:16	1	0	1	0
      600	2022-09-30 07:46:02	1	0	1	0
      624	2022-09-30 07:55:23	1	0	1	0
      615	2022-09-30 07:57:03	1	0	1	0
      630	2022-09-30 07:57:48	1	0	1	0
      648	2022-09-30 07:58:39	1	0	1	0
      601	2022-09-30 08:01:16	1	0	1	0
      604	2022-09-30 08:05:19	1	0	1	0
      600	2022-09-30 12:10:53	1	1	1	0
      600	2022-09-30 12:42:28	1	0	1	0
      604	2022-09-30 12:58:30	1	1	1	0
      601	2022-09-30 13:04:51	1	1	1	0
      604	2022-09-30 13:07:11	1	0	1	0
      630	2022-09-30 13:11:21	1	1	1	0
      601	2022-09-30 13:45:19	1	1	1	0
      648	2022-09-30 14:00:26	1	1	1	0
      628	2022-09-30 14:53:49	1	0	1	0
      648	2022-09-30 14:58:54	1	0	1	0
      604	2022-09-30 17:00:10	1	0	1	0
      600	2022-09-30 17:00:13	1	0	1	0
      601	2022-09-30 17:00:16	1	0	1	0
      615	2022-09-30 17:20:39	1	1	1	0
      624	2022-09-30 17:23:49	1	1	1	0
      648	2022-09-30 17:28:08	1	1	1	0
      616	2022-09-30 22:53:30	1	0	1	0
